Isle -10 40 0
Isle 10 40 0
Isle2 -10 56 0
Isle2 10 56 0
Isle -10 72 0
Isle 10 72 0
Wall -10 48 0
Wall 10 48 0
Wall -10 64 0
Wall 10 64 0
Checkpoint 0 0 0
Checkpoint 10 120 90
Checkpoint 25 56 0
Walkway 0 2.06363 270
Walkway 0 12.2805 270
Walkway 0 22.7281 270
Walkway 0 33.1706 270
Walkway 0 43.6653 270
Walkway 0 43.6653 270
Walkway 0 54.1462 270
Walkway 0 65.1232 270
Walkway 0 65.1232 270
Walkway 0 87.1301 270
Walkway 0 76.0499 270
Walkway -0.312617 98.2106 268
Walkway 2.85907 112.79 297
Walkway 22.0193 117.667 31
Walkway 31.5756 103.979 77
Walkway 31.4171 89.3215 100
Walkway 27.5999 76.7253 110
Walkway 25.3416 62.5458 90
Walkway 28.1437 48.254 70
Walkway 36.6653 35.655 43
Walkway 51.8866 29.5591 0
Walkway 63.0265 29.5642 0
Walkway 74.0123 29.6623 0
Isle 57.4755 35.5812 0
Isle 79.6103 35.5874 0
Isle 101.742 35.6873 0
Isle 90.2416 23.8611 0
Isle 68.6173 23.956 0
Wall 74.7134 37.7106 270
Wall 63.547 37.7062 270
Wall 84.822 37.6996 270
Wall 96.2276 37.6376 270
Wall 72.7077 21.7813 270
Wall 85.2386 21.8038 270
Isle2 68.4969 37.8662 270
Isle2 90.4061 37.7877 270
Isle2 90.4061 37.7877 270
Isle2 79.1085 21.7802 270
Checkpoint 101.022 21.6665 0
Walkway 99.4123 24.0518 57
Walkway 103.252 9.52329 90
Walkway 86.9447 28.4252 5
Tank1 108.939 33.6301 332
Tank1 111.298 27.0326 62
Tank1 55.4234 17.918 0
Tank2 43.1162 30.2585 315
Tank1 18.6945 42.6206 315
Tank1 88.9277 11.4161 200
Tribune 15.3652 95.4551 0
Bush -16.5872 14.5613 27
Smallbush 12.5053 -5.08134 30
Building 51.7675 63.2643 0
Smallbush 42.5688 82.6242 25
Smallbush 42.5688 82.6242 25
Hills -45.3422 -145.364 0
Walkway 103.277 -1.16891 90
Walkway 103.236 -11.9442 90
Walkway 103.242 -22.9304 90
Walkway 101.331 -36.6476 107
Walkway 96.1196 -48.5818 119
Walkway 90.6502 -60.3437 110
Walkway 87.4464 -73.7033 97
Walkway 87.1609 -86.0129 84
Skyscraper2 72.9774 -4.27825 0
Skyscraper 63.5078 -32.4428 270
Tribune 88.9216 -23.3465 0
Smallbush 65.5462 11.7796 12
Bush 70.974 -55.7062 316
Bush 48.1597 8.3902 268
Tank1 10.6896 23.5701 343
Checkpoint 86.4791 -79.9037 0
Bigbush 61.9599 -82.0632 275
Smallbush 105.083 -58.6412 325
Smallbush 105.083 -58.6412 325
Smallbush 77.9735 -15.5995 341
Tank1 115.446 -9.60447 20
Tank1 115.637 -37.0578 279
Tank1 74.8562 -94.3594 40
Walkway 92.6872 -99.6233 51
Walkway 104.807 -108.258 19
Walkway 117.568 -110.519 0
Walkway 131.507 -107.49 334
Walkway 142.842 -96.5316 295
Walkway 145.8 -82.7429 270
Walkway 145.858 -71.7962 270
Building 116.628 -79.8918 90
Walkway 143.529 -59.0001 250
Walkway 138.246 -48.1334 237
Walkway 133.173 -36.7828 252
Walkway 131.423 -23.7722 270
Walkway 131.376 -12.9407 270
Walkway 131.519 -2.29485 270
Walkway 135.444 12.1737 300
Walkway 145.346 22.5622 327
Walkway 156.232 27.9158 339
Walkway 167.556 34.5148 322
Walkway 176.565 45.0505 296
Walkway 177.686 60.4027 253
Walkway 170.23 73.2046 227
Walkway 157.733 81.3981 198
Walkway 142.57 81.4527 164
Walkway 129.542 74.8004 140
Walkway 118.216 67.6787 152
Walkway 104.386 64.0434 180
Walkway 93.5334 64.0331 180
Walkway 78.0471 72.6039 239
Walkway 72.158 85.2931 254
Walkway 71.391 100.381 282
Skyscraper2 151.094 54.2663 270
Skyscraper 101.97 87.6797 0
Tribune 128.03 57.464 0
Skyscraper2 96.3743 102.114 180
Bigbush 123.07 95.6688 324
Smallbush 151.065 70.4442 21
Bush 149.297 97.627 26
Tank1 133.656 62.1237 286
Walkway 75.6221 113.076 296
Walkway 75.6221 113.076 296
Tank1 148.19 8.96813 336
Tank1 145.459 -34.7974 53
Wall 139.635 -23.6771 0
Wall 139.674 -12.7703 0
Wall 139.673 -2.64643 0
Skyscraper2 152.612 -25.0523 180
Skyscraper 163.572 -2.53598 270
Bigbush 146.264 -42.2011 0
Bush 131.145 -62.1912 51
Tank1 144.339 -110.621 73
Tribune 152.826 -108.609 62
Skyscraper 128.956 -126.589 0
Bigbush 97.9253 -123.471 62
Smallbush 81.8741 -123.538 103
Tank1 87.0608 -112.696 43
Tank2 87.052 -34.9083 174
Tank2 109.457 -122.248 314
Tank2 160.186 -82.6133 270
Smallbush 140.972 35.154 0
Isle 139.608 1.82789 0
Isle 139.65 -28.0467 0
Isle2 139.332 -18.1853 0
Isle2 139.423 -7.57385 0
Bush 165.549 20.4128 9
Tank1 151.846 38.4391 280
Checkpoint 145.843 -78.0923 0
Checkpoint 131.777 6.50329 0
Smallestbush 85.2416 -9.32239 283
Smallestbush 108.296 -50.8112 7
Smallestbush 77.3182 -74.9393 344
Smallestbush 104.746 -95 0
Smallestbush 135.336 -70.9142 43
Checkpoint 179.717 53.582 0
Checkpoint 99.0139 63.8343 270
Walkway 85.9096 124.227 328
Walkway 100.426 128.263 0
Walkway 111.275 128.222 0
Walkway 122.244 128.2 0
Walkway 133.399 128.125 0
Walkway 144.406 128.216 0
Walkway 155.369 128.188 0
Walkway 167.575 129.438 348
Walkway 179.686 133.33 336
Walkway 190.474 139.575 323
Walkway 199.586 148.162 309
Walkway 205.939 159.59 290
Walkway 208.12 173.334 267
Walkway 206.891 185.098 260
Walkway 203.128 197.364 245
Walkway 196.948 207.875 234
Walkway 188.411 217.208 218
Walkway 177.866 224.032 205
Walkway 165.463 228.211 190
Walkway 153.218 229.382 180
Walkway 142.279 229.4 180
Walkway 131.464 229.4 180
Walkway 120.596 229.48 180
Walkway 109.797 229.4 180
Walkway 98.874 229.4 180
Walkway 87.8952 229.4 180
Walkway 77.1739 229.4 180
Walkway 64.0138 227.083 160
Walkway 52.5738 221.025 144
Walkway 43.3547 212.222 127
Walkway 37.2865 200.835 110
Walkway 31.0714 189.561 127
Walkway 24.4618 180.861 127
Walkway 14.5588 171.691 147
Walkway 5.35611 165.992 147
Walkway -3.84523 160.312 149
Walkway -14.3013 151.749 129
Walkway -21.0948 140.134 110
Walkway -24.9768 129.951 110
Walkway -28.3316 118.693 102
Walkway -33.0101 106.486 119
Walkway -37.8209 95.4994 108
Walkway -39.8542 82.73 90
Walkway -39.8 71.9758 90
Walkway -39.8 60.999 90
Walkway -39.8 49.9368 90
Walkway -39.8 39.1595 90
Walkway -39.8857 28.3254 90
Walkway -40 17.4126 90
Walkway -40 6.42706 90
Walkway -40 -4.34252 90
Walkway -0.0569838 -8.82782 270
Walkway -0.0211231 -19.7272 270
Walkway -40 -15.1834 90
Walkway -40 -26.3182 90
Walkway -40 -37.2414 90
Walkway 0 -30.6474 270
Walkway 0 -41.4517 270
Tank1 -28.3528 -6.94283 166
Bush -51.0135 3.96551 247
Smallestbush -50.0605 18.9311 0
Skyscraper -60.4132 -14.0435 270
Skyscraper2 -72.1927 3.38426 270
Building -64.3372 24.2927 270
Bigbush -53.9065 47.6716 148
Skyscraper2 -60.0755 -36.5511 0
Isle2 -68.6312 -47.1469 270
Wall -61.1957 -47.3206 270
Wall -73.4366 -47.3097 270
Isle2 -80.1329 -47.1147 270
Building -73.3813 -64.042 270
Bigbush -45.0966 -142.068 74
Bush -63.868 -127.587 270
Tank2 -36.7681 -155.979 0
Checkpoint 106.083 128.209 270
Checkpoint 208.546 167.61 0
Checkpoint 82.2418 229.2 270
Checkpoint -40 87.9273 0
Checkpoint -39.9861 -9.87027 0
Bigbush 126.958 206.56 40
Bigbush 174.646 153.226 140
Bigbush 168.713 190.029 270
Bush 168.339 209.105 352
Bush 213.224 203.189 0
Bush 197.294 133.972 59
Bush 138.128 141.85 132
Smallbush 188.784 199.251 334
Smallbush 186.466 174.991 96
Smallbush 155.965 218.579 321
Smallbush 117.273 163.417 76
Smallbush 142.299 205.132 31
Smallbush 102.394 241.706 339
Bush 61.6703 212.044 255
Bush 101.399 218.292 314
Bush 85.9536 194.314 54
Bigbush 90.1333 175.555 0
Smallbush 101.426 185.223 25
Smallestbush 210.925 209.625 64
Smallestbush 120.786 166.93 50
Smallestbush 190.538 164.584 180
Smallestbush 171.923 120.928 15
Smallbush 166.702 119.371 55
Bush 237.573 169.46 75
Bigbush 224.173 155.954 57
Tribune 211.497 139.233 12
Tribune 162.34 174.676 0
Tribune 219.527 191.441 38
Smallestbush 218.643 140.552 0
Tank1 171.962 90.4389 87
Wall 144.351 119.912 270
Wall 133.791 119.874 270
Wall 122.736 119.863 270
Isle2 127.794 119.849 270
Isle2 138.928 119.861 270
Tank2 159.481 140.149 224
Tank2 190.461 125.754 19
Skyscraper2 53.8798 106.892 270
Skyscraper 55.5058 125.274 180
Tribune 80.2652 141.28 9
Bigbush 97.1136 144.439 325
Tank1 109.227 139.72 9
Tank1 121.979 138.759 320
Smallbush 87.8876 112.994 351
Tank2 84.533 64.2453 73
Tank1 56.528 96.0957 0
Tank2 138.021 166.855 270
Smallestbush 158.431 170.706 0
Smallbush 141.237 174.657 62
Bigbush 85.2854 250.44 46
Smallbush 70.3117 240.852 0
Tank1 56.6133 237.28 0
Tank1 28.1487 206.598 26
Tribune -74.0508 49.8502 0
Bush -72.4253 64.8049 36
Tank1 -51.994 59.8757 0
Tank1 -51.0452 76.0865 41
Smallbush -19.8648 105.922 22
Smallestbush -27.6607 97.2507 0
Wall 131.701 237.547 270
Wall 141.526 237.599 270
Wall 120.886 237.478 270
Isle2 136.907 237.698 270
Isle2 126.053 237.664 270
Isle2 136.98 221.096 270
Isle2 126.039 221.132 270
Wall 130.643 221.035 270
Bush 156.919 242.077 93
Smallbush 161.96 190.874 0
Smallbush 168.268 239.767 62
Tank1 185.443 236.578 11
Tank1 200.859 224.553 65
Tank1 57.0955 210.292 19
Skyscraper2 37.6693 141.622 180
Bush 63.9229 149.33 7
Tribune 192.262 43.3509 19
Smallbush 200.486 52.0723 87
Tank1 193.772 59.628 0
Bigbush 211.281 224.032 0
Bigbush 130.051 312.897 27
Bush 117.63 297.41 21
Bigbush 84.8454 359.518 307
Smallbush 135.079 295.997 0
Smallbush 127.081 249.477 279
Smallestbush 133.586 246.538 341
Smallestbush 145.921 310.903 298
Smallbush 180.459 297.11 335
Bush 197.279 303.737 295
Bigbush 180.702 318.544 316
Tribune 155.52 341.613 0
Tribune -79.1871 411.251 0
Bigbush -64.9753 399.632 0
Bush -46.7981 411.679 310
Smallbush -88.5313 411.024 90
Smallestbush -72.9406 403.79 0
Smallestbush -32.7259 408.017 0
Smallestbush 53.2564 184.165 0
Smallestbush 103.059 357.963 0
Bigbush -158.67 319.134 312
Bush -156.887 300.512 30
Bush 11.451 292.283 11
Bigbush -32.9801 275.724 333
Smallbush -23.9457 261.292 322
Tank2 -59.0265 259.865 0
Bigbush -76.7251 255.486 0
Bush -57.4887 174.989 0
Bigbush -44.9879 200.283 279
Smallbush -66.546 213.225 8
Tank1 -40.2462 215.026 0
Smallbush 42.9075 180.251 36
Smallbush 18.6502 146.575 32
Smallestbush 6.99322 143.542 0
Bigbush 13.963 234.055 32
Bush 1.95461 199.339 334
Tank1 1.76203 177.451 0
Tank1 30.638 167.674 13
Skyscraper2 -57.5117 89.5229 270
Skyscraper -72.1834 113.063 0
Building -50.5279 135.513 270
Skyscraper2 -63.9128 156.182 0
Bigbush -45.5154 113.461 0
Bigbush -19.4639 169.68 80
Bush -2.04002 176.635 130
Smallbush 10.9295 181.905 0
Smallbush -31.8981 147.865 44
Smallestbush -3.24237 213.358 0
Smallestbush 75.4174 192.662 100
Smallestbush 72.8005 152.109 218
Isle -31.7186 11.931 0
Isle -31.6712 33.8533 0
Isle -31.6564 55.6741 0
Isle -31.6191 77.4524 0
Isle2 -31.6133 66.4206 0
Isle2 -31.7406 44.5569 0
Isle2 -31.6165 22.9378 0
Wall -31.8056 17.6631 0
Wall -31.7979 27.5217 0
Wall -31.9128 39.541 0
Wall -31.9502 50.6283 0
Wall -31.6193 59.205 0
Wall -31.5384 72.0505 0
Smallestbush -30.1153 84.7444 23
Smallbush -46.7998 100.174 47
Tank1 -45.7486 107.155 317
Smallestbush -12.059 30.6849 0
Tank1 10.7653 9.25862 28
Tank2 2.52658 122.987 0
Smallestbush 8.29623 124.937 0
Smallbush 17.1516 88.2314 0
Smallestbush 15.0477 80.0791 0
Smallbush 27.0552 23.1712 46
Smallestbush 37.4549 24.0148 82
Bush 83.3097 48.4766 354
Tank1 93.9129 46.6509 0
Tank1 112.454 50.0642 295
Smallbush 115.209 13.8001 17
Smallestbush 114.127 5.28681 328
Smallbush 119.44 -98.8602 0
Smallestbush 131.824 -94.4888 111
Smallestbush 151.881 -102.446 27
Smallbush 157.218 -71.3971 0
Smallbush 137.005 112.293 18
Smallestbush 109.04 100.183 269
Tank1 -11.6922 88.3987 7
Tank1 -9.03359 108.975 333
Tank1 -27.3821 92.0444 0
Tank1 -16.263 122.652 293
Tank1 10.9825 -23.3424 270
Smallestbush 64.1891 265.649 300
Smallbush 42.7733 243.419 311
Smallestbush 37.6989 236.229 216
Smallestbush 37.6989 236.229 216
Bush -52.7469 -77.3129 335
Smallbush -49.934 -90.7305 27
Bigbush 3.97828 -200.161 109
Bush 13.5573 -215.644 305
Bush 67.612 -184.072 119
Bigbush 155.774 -257.308 270
Bush 184.69 -243.539 39
Smallbush 167.791 -232.682 310
Bigbush 110.686 -400.341 239
Bigbush 57.4996 -380.05 326
Bigbush 145.182 -341.355 337
Bush 90.6587 -401.927 76
Smallbush 89.5373 -387.172 0
Smallbush 165.229 -345.391 294
Bush 70.8688 -358.279 31
Bush 275 -385 18
Smallbush 283.656 -368.642 24
Bigbush 232.732 -289.2 11
Bush 238.999 -264.874 0
Bigbush 259.109 -280.217 301
Smallbush 256.391 -260.436 0
Bigbush 175.758 -146.287 298
Bush 192.813 -159.685 334
Smallbush 193.121 -145.963 227
Smallbush 169.148 -24.4365 0
Smallbush 211.459 -73.2246 221
Smallestbush 207.375 -79.3852 47
Smallbush 259.022 -19.7951 306
Bush 262.899 -35.1462 0
Smallbush 272.408 -55.0928 270
Bigbush 248.173 -53.4512 25
Bush 254.88 -78.5859 238
Smallbush 244.62 -89.896 83
Bigbush 290.219 47.6009 24
Bush 267.988 65.0837 325
Smallbush 267.283 46.2091 11
Smallestbush 256.036 80.4805 270
Bush 259.639 107.27 90
Bigbush 245.139 122.86 307
Bush 218.277 87.0224 42
Smallbush 231 129.182 316
Smallestbush 233.025 118.396 37
Smallestbush 230.037 26.5192 90
Smallbush 257.295 -160.446 180
Smallestbush 254.983 -150.67 210
Smallestbush 73.9627 -281.159 180
Smallbush 65.6237 -284.957 266
Bush 76.4892 -291.344 329
Smallbush 104.006 -283.372 74
Smallestbush 109.908 -276.733 36
Smallestbush 21.4392 -194.211 270
Bush 9.56807 -105.641 0
Bigbush 25.5748 -96.2834 71
Smallestbush 21.3501 -85.1248 38
Smallbush 24.6459 -73.5325 319
Smallestbush 20.8047 -16.0189 12
Smallbush 28.7681 -9.18994 96
Bush 27.3991 -26.8433 331
Smallbush 7.46035 -140.849 0
Bush -32.7829 -176.026 262
Bigbush 190.753 -432.214 265
Tribune 198.102 -395.364 0
Bigbush 208.452 -382.192 54
Bush 174.382 -393.271 251
Smallbush 181.938 -376.844 0
Smallbush 227.847 -382.082 84
Smallbush 207.184 -325.395 238
Smallbush 122.568 -176.872 62
Bush 134.549 -173.486 270
Tribune 2.45054 -236.38 247
Smallbush 24.6486 -262.054 271
Bush 37.8812 -247.304 296
Smallestbush 26.4588 -245.928 0
Smallestbush 56.1012 -59.8518 321
Smallbush -19.474 39.2867 289
Smallbush -17.3062 69.1343 90
Bush -24.5192 53.2123 0
Smallestbush -15.9018 49.3372 0
Smallestbush 39.983 14.0136 324
Isle 149.962 119.827 270
Isle 116.708 119.854 270
Isle 115.275 237.595 270
Isle 147.647 237.593 270
Isle 147.849 221.107 270
Wall 141.968 221.035 270
Tank1 -5.24214 146.206 24
Smallbush 48.8138 43.2813 0
Smallestbush 41.9106 47.034 23
Smallestbush 41.9106 47.034 23
Smallestbush 41.9106 47.034 23
Walkway -39.9833 -48.0213 90
Walkway -40 -58.7665 90
Walkway 0 -52.1788 270
Walkway -37.9708 -71.6208 72
Walkway -23.7364 -82.1326 0
Walkway -1.06503 -64.2704 281
Walkway -9.20928 -77.6776 322
Isle -57.0916 -47.143 270
Tribune -19.7077 -63.1639 0
Smallestbush -26.7071 -69.0224 270
Tank1 10.6315 -72.7377 270
Tank1 -53.0891 -60.9193 336
Tank2 -33.8963 -88.0208 75
Bush -21.0097 -123.909 232
Smallestbush -12.4735 -116.327 237
Checkpoint 0.2 -58.1843 0
Smallbush -26.4566 -26.1941 31
Smallbush -26.4566 -26.1941 31
Waypoint 0 31.4348 0
Waypoint 0 39.0774 0
Waypoint 0.390042 74.847 0
Waypoint 1.12009 95.812 0
Waypoint 2.52973 112.502 0
Waypoint 8.51747 118.635 0
Waypoint 16.7165 118.788 0
Waypoint 26.2697 111.786 0
Waypoint 27.487 94.7034 0
Waypoint 27.6492 78.5263 0
Waypoint 25.8279 57.9948 0
Waypoint 29.1528 49.7446 0
Waypoint 40.4761 40.447 0
Waypoint 46.389 35.5737 0
Waypoint 51.9353 29.2814 0
Waypoint 57.6353 28.7736 0
Waypoint 67.7976 30.7132 0
Waypoint 79.3825 28.6669 0
Waypoint 86.9292 31.3138 0
Waypoint 94.9481 31.2622 0
Waypoint 100.901 22.9108 0
Waypoint 101.618 10.6664 0
Waypoint 101.648 -8.67171 0
Waypoint 100.136 -28.9862 0
Waypoint 91.4648 -53.289 0
Waypoint 88.2498 -69.6868 0
Waypoint 87.6084 -79.2648 0
Waypoint 89.5334 -92.3784 0
Waypoint 99.3436 -101.946 0
Waypoint 111.093 -106.629 0
Waypoint 123.447 -106.814 0
Waypoint 135.557 -100.736 0
Waypoint 141.555 -90.1042 0
Waypoint 144.675 -77.8784 0
Waypoint 142.621 -65.9021 0
Waypoint 136.258 -48.7105 0
Waypoint 133.024 -37.8435 0
Waypoint 131.151 -30.6928 0
Waypoint 131.04 -10.8096 0
Waypoint 131.945 4.72476 0
Waypoint 140.699 16.2102 0
Waypoint 151.11 25.7008 0
Waypoint 157.427 29.9623 0
Waypoint 168.125 38.0264 0
Waypoint 175.439 46.1325 0
Waypoint 178.173 54.0212 0
Waypoint 176.528 60.2635 0
Waypoint 167.883 70.7022 0
Waypoint 156.539 77.5847 0
Waypoint 142.014 76.2254 0
Waypoint 128.695 71.7092 0
Waypoint 112.448 65.745 0
Waypoint 103.855 65.1719 0
Waypoint 93.2487 68.1586 0
Waypoint 88.646 71.673 0
Waypoint 82.7362 76.6335 0
Waypoint 76.3398 86.8235 0
Waypoint 76.4972 102.478 0
Waypoint 82.2914 116.25 0
Waypoint 91.46 122.887 0
Waypoint 100.887 127.709 0
Waypoint 107.577 127.692 0
Waypoint 114.752 128.359 0
Waypoint 124.587 129.141 0
Waypoint 135.991 129.561 0
Waypoint 149.172 129.725 0
Waypoint 159.697 131.042 0
Waypoint 173.696 135.319 0
Waypoint 182.461 140.567 0
Waypoint 191.603 146.653 0
Waypoint 200.028 155.55 0
Waypoint 204.216 163.81 0
Waypoint 206.42 170.087 0
Waypoint 204.02 183.924 0
Waypoint 199.601 197.178 0
Waypoint 190.43 208.969 0
Waypoint 181.379 216.375 0
Waypoint 171.097 222.968 0
Waypoint 162.564 226.469 0
Waypoint 154.731 228.026 0
Waypoint 144.568 228.661 0
Waypoint 131.389 227.755 0
Waypoint 118.921 227.47 0
Waypoint 102.515 227.875 0
Waypoint 89.4035 228.297 0
Waypoint 75.9189 228.458 0
Waypoint 65.0929 225.801 341
Waypoint 52.7583 219.612 0
Waypoint 45.1735 209.574 0
Waypoint 38.5865 200.376 1
Waypoint 32.7409 192.149 0
Waypoint 28.8605 182.813 0
Waypoint 19.707 172.746 0
Waypoint 0.486337 161.447 0
Waypoint -8.92162 153.534 0
Waypoint -16.0201 142.758 0
Waypoint -21.7426 130.232 0
Waypoint -27.1292 116.421 0
Waypoint -30.9576 106.559 0
Waypoint -35.6926 95.6154 0
Waypoint -38.1005 86.1472 0
Waypoint -38.5184 80.6779 0
Waypoint -38.865 71.0943 0
Waypoint -38.8956 57.0176 0
Waypoint -39.4009 44.3987 0
Waypoint -39.6 33.1353 0
Waypoint -39.6764 22.9584 0
Waypoint -39.5679 11.8811 0
Waypoint -39.5983 1.75125 0
Waypoint -39.5209 -4.27278 0
Waypoint -39.4737 -9.65443 0
Waypoint -39.0062 -23.9163 0
Waypoint -39.0081 -33.3088 0
Waypoint -38.8347 -45.0795 0
Waypoint -38.0143 -58.3291 0
Waypoint -35.7442 -68.6924 0
Waypoint -29.0795 -74.6248 0
Waypoint -20.9918 -77.8185 0
Waypoint -10.2766 -73.9867 0
Waypoint -4.65081 -66.214 0
Waypoint -1.63265 -59.0246 0
Waypoint -0.783976 -47.7191 0
Waypoint -0.592499 -36.6854 0
Waypoint -0.191375 -28.1561 0
Waypoint 0 -19.4905 0
Waypoint 0 -8.5232 0
Waypoint 0 -8.5232 0
Isle 115.325 221.233 270
Wall 121.917 221.102 270
Wall 121.917 221.102 270
Wall 121.917 221.102 270
Bomb -6.02671 33.1334 0
Bomb 32.5418 115.248 0
Bomb 0.490564 -73.4577 0
Bomb -35.4019 70.626 0
Bomb 16.7181 179.413 81
Bomb 106.203 221.894 0
Bomb 179.98 233.11 0
Bomb 140.208 133.45 0
Bomb 82.0718 81.6574 0
Bomb 163.423 48.0658 0
Bomb 126.591 -4.30127 0
Bomb 157.156 -56.223 0
Bomb 95.0326 -90.244 0
Bomb 46.3694 21.1822 0
Slow -0.158792 -0.203899 0
Slow 0 -9.64253 0
Slow -0.0395862 13.5669 0
Fast -0.0879273 35.269 0
Slow -0.439638 99.5306 0
Slow 16.5883 120.549 0
Fast 29.7734 109.291 0
Slow 28.6494 46.491 0
Slow 50.6054 30 0
Slow 73.5536 30 0
Slow 97.7762 25.3599 0
Fast 102.782 0.899312 0
Slow 89.376 -65.5796 0
Slow 94.1593 -101.527 0
Slow 125.925 -106.945 0
Fast 145 -80.1457 0
Fast 130.41 -23.0586 0
Slow 132.043 8.36059 0
Slow 163.327 34.3108 0
Slow 176.515 65.1279 0
Fast 145.404 81.16 0
Fast 98.3803 128.85 0
Slow 97.0724 66.0337 0
Slow 72.1838 87.2215 0
Fast 127.489 128.04 0
Fast 203.723 163.487 0
Fast 177.744 223.712 0
Fast 85.5539 230.204 0
Fast 25.1639 172.389 0
Slow -1.25599 161.751 0
Fast -23.1115 130.99 0
Slow -38.2218 100.071 0
Fast -39.176 76.3928 0
Fast -38.8781 -0.639735 0
Fast -39.6261 -26.1095 0
Slow -40.4131 -53.4516 0
Slow -33.6051 -73.1091 0
Slow -4.14738 -70.9164 0
Fast 0.0274504 -49.28 0
Isle2 -9.07881 -53.1736 0
Isle2 -8.95039 -40.0657 0
Wall -9.1388 -46.1944 0
Wall -9.05619 -34.659 0
Isle -8.9163 -27.2301 0
Bigbush -20.7244 -41.7333 40
Bigbush -20.7244 -41.7333 40
Waypoint2 3.75057 31.4633 0
Waypoint2 3.73587 39.1851 0
Waypoint2 3.82446 75.2878 0
Waypoint2 3.5615 95.9183 0
Waypoint2 5.18855 111.601 0
Waypoint2 9.39393 115.208 0
Waypoint2 15.5657 114.671 0
Waypoint2 23.0843 108.805 0
Waypoint2 25.7401 94.6333 0
Waypoint2 23.054 78.4589 0
Waypoint2 22.6175 57.6628 0
Waypoint2 25.2371 47.3664 0
Waypoint2 40.864 24.7563 0
Waypoint2 50.9941 29.4399 284
Waypoint2 57.7653 26.4351 0
Waypoint2 68.0237 30.1975 0
Waypoint2 79.6605 27.1748 0
Waypoint2 87.0491 30.5401 0
Waypoint2 94.5419 30.4513 0
Waypoint2 97.4649 22.0955 0
Waypoint2 98.4383 10.067 0
Waypoint2 98.7679 -8.71873 0
Waypoint2 96.9193 -28.981 0
Waypoint2 87.4405 -52.2146 0
Waypoint2 83.806 -69.4724 0
Waypoint2 84.3971 -80.2775 0
Waypoint2 88.7524 -93.2234 0
Waypoint2 97.6656 -103.622 0
Waypoint2 111.482 -109.595 0
Waypoint2 124.554 -109.292 0
Waypoint2 137.652 -101.911 0
Waypoint2 144.184 -90.0615 0
Waypoint2 146.414 -77.7993 0
Waypoint2 145.481 -65.721 0
Waypoint2 137.504 -47.8103 0
Waypoint2 133.892 -37.3082 0
Waypoint2 133.767 -28.5893 0
Waypoint2 133.377 -9.75067 0
Waypoint2 132.925 4.77075 116
Waypoint2 141.654 15.1572 0
Waypoint2 152.682 23.4402 0
Waypoint2 159.065 27.8061 0
Waypoint2 170.32 36.3199 0
Waypoint2 177.63 46.2984 0
Waypoint2 180.735 53.9794 0
Waypoint2 178.374 61.5587 0
Waypoint2 169.865 74.2495 0
Waypoint2 156.941 81.2051 0
Waypoint2 140.198 80.5915 0
Waypoint2 126.244 74.0326 0
Waypoint2 111.845 67.6749 0
Waypoint2 104.01 65.7746 0
Waypoint2 94.1691 69.864 0
Waypoint2 89.6846 74.2696 0
Waypoint2 86.2439 79.7308 0
Waypoint2 81.9993 89.6334 0
Waypoint2 82.5152 103.143 0
Waypoint2 85.6531 113.671 0
Waypoint2 93.0668 119.726 0
Waypoint2 100.96 124.703 0
Waypoint2 107.786 125.369 0
Waypoint2 114.748 125.456 0
Waypoint2 124.639 125.492 0
Waypoint2 135.947 125.991 0
Waypoint2 149.76 125.957 0
Waypoint2 160.782 127.014 0
Waypoint2 175.301 131.409 0
Waypoint2 185.342 137.157 0
Waypoint2 195.08 144.955 0
Waypoint2 203.715 154.459 0
Waypoint2 208.102 164.536 0
Waypoint2 209.566 170.593 0
Waypoint2 207.363 184.925 0
Waypoint2 202.514 198.298 0
Waypoint2 192.827 212.037 0
Waypoint2 183.451 219.856 0
Waypoint2 172.756 227.085 0
Waypoint2 162.499 229.384 0
Waypoint2 154.524 230.595 0
Waypoint2 144.284 230.642 0
Waypoint2 131.363 230.634 0
Waypoint2 118.717 231.029 0
Waypoint2 102.163 231.054 0
Waypoint2 89.1693 230.566 3
Waypoint2 75.9587 229.933 0
Waypoint2 63.9334 227.581 0
Waypoint2 51.2649 221.884 0
Waypoint2 41.4579 211.183 0
Waypoint2 35.6804 201.611 0
Waypoint2 30.2268 193.709 0
Waypoint2 25.4306 184.686 0
Waypoint2 18.1894 174.663 0
Waypoint2 -1.27165 164.42 0
Waypoint2 -11.0825 155.594 0
Waypoint2 -19.5254 144.623 0
Waypoint2 -24.6706 131.06 0
Waypoint2 -28.8479 116.725 0
Waypoint2 -32.2724 106.904 0
Waypoint2 -37.6177 96.1532 0
Waypoint2 -40.4598 86.1052 0
Waypoint2 -41.4504 79.9507 0
Waypoint2 -41.2234 70.514 0
Waypoint2 -41.0149 56.9537 0
Waypoint2 -41.4765 44.532 0
Waypoint2 -41.7859 33.3035 0
Waypoint2 -41.4763 22.9396 0
Waypoint2 -41.4492 11.9719 0
Waypoint2 -41.7417 1.47836 0
Waypoint2 -41.6342 -4.60355 0
Waypoint2 -41.7502 -9.98147 0
Waypoint2 -41.5389 -24.2623 0
Waypoint2 -40.8714 -33.6361 0
Waypoint2 -40.8584 -45.0957 0
Waypoint2 -40.3663 -59.2126 0
Waypoint2 -37.8135 -70.137 0
Waypoint2 -31.4537 -79.1958 0
Waypoint2 -20.8183 -81.9213 0
Waypoint2 -8.32368 -76.3046 0
Waypoint2 -1.45068 -66.6115 0
Waypoint2 0.350325 -59.2722 0
Waypoint2 0.93454 -47.6244 0
Waypoint2 1.05279 -36.4465 0
Waypoint2 2.1594 -27.9122 0
Waypoint2 2.34353 -18.9654 0
Waypoint2 2.16207 -8.36924 0
Waypoint2 2.16207 -8.36924 0
